120
10
73
11 100
12 100
13 10
14 100
15 10
16 100
17 100
18 100
19 100
20 100
21 100
22 100

30 10
31 10 
32 200
33 200
34 200
35 200
36 200
37 200
38 200
39 200
40 200
41 200

50 10
51 300
52 300
53 300
54 300
55 300
56 10
57 300
58 300
59 300
60 300
61 300

70 400
71 400
72 400
73 400
74 400
75 400
76 10
77 400
78 400
79 400
80 10
81 400

90 500
91 500
92 500
93 10
94 500
95 500
96 10
97 500
98 500
99 500
100 500
101 500

110 700
111 700
112 700
113 700
114 700
115 10
116 700
117 700
118 700
119 10
120 700
121 700


122 200
